0 1.783618
1 1.756977
2 1.796151
3 1.766644
4 1.791082
5 1.899057
6 1.937466
7 1.873823
8 1.784959
9 1.887670
10 1.862480
11 1.772250
12 1.757821
13 1.754871
14 1.755732
15 1.750626
16 1.750812
17 1.757905
18 1.753078
19 1.754328
20 1.751922
21 1.761417
22 1.751827
23 1.758857
24 1.788723
25 1.756650
26 1.822028
27 1.758573
28 1.758769
29 1.754712
30 1.750826
31 1.750464
32 1.752596
33 1.750202
34 1.770533
35 1.763915
36 1.772544
37 1.789153
38 1.756729
39 1.751365
40 1.756924
41 1.750420
42 1.795260
43 1.762105
44 1.752884
45 1.755681
46 1.753585
47 1.749191
48 1.750013
49 1.749776
