0 1.759994
1 1.832144
2 1.757218
3 1.775845
4 1.773274
5 2.064215
6 1.884438
7 1.876397
8 1.790624
9 1.811109
10 1.759624
11 1.753671
12 1.752934
13 1.764740
14 1.755993
15 1.755857
16 1.747604
17 1.753908
18 1.751954
19 1.750879
20 1.767526
21 1.756362
22 1.773808
23 1.761171
24 1.765576
25 1.754978
26 1.768458
27 1.754142
28 1.753323
29 1.752779
30 1.749823
31 1.754579
32 1.752810
33 1.767076
34 1.750645
35 1.758301
36 1.758756
37 1.755089
38 1.755777
39 1.758128
40 1.761737
41 1.751456
42 1.751202
43 1.752589
44 1.751431
45 1.751266
46 1.750305
47 1.751456
48 1.750219
49 1.751227
