0 1.854188
1 1.761346
2 1.750195
3 1.743129
4 1.802167
5 1.859418
6 1.853556
7 1.981301
8 1.808023
9 1.758270
10 2.014607
11 1.834810
12 1.791136
13 1.765110
14 1.752820
15 1.760005
16 1.758258
17 1.768420
18 1.759619
19 1.759620
20 1.758381
21 1.750907
22 1.763335
23 1.753985
24 1.755078
25 1.754371
26 1.756964
27 1.773094
28 1.751420
29 1.754782
30 1.750719
31 1.754016
32 1.754206
33 1.745644
34 1.751844
35 1.754101
36 1.751534
37 1.752109
38 1.751266
39 1.757082
40 1.750327
41 1.751376
42 1.755441
43 1.749924
44 1.754178
45 1.757710
46 1.755696
47 1.753764
48 1.754354
49 1.753254
